Bilinear Leveling Grid:
      0      1      2      3      4      5      6      7
 0 -0.115 +0.070 +0.060 +0.025 -0.030 -0.070 -0.100 -0.095
 1 -0.115 +0.085 +0.070 +0.035 +0.000 -0.040 -0.090 -0.090
 2 -0.120 +0.040 +0.045 +0.025 -0.005 -0.040 -0.070 -0.080
 3 -0.125 +0.075 +0.040 +0.040 +0.025 +0.000 -0.025 -0.025
 4 -0.160 +0.050 +0.035 +0.005 +0.005 +0.005 +0.000 -0.005
 5 -0.165 +0.035 +0.005 +0.020 +0.000 -0.005 -0.010 -0.010
 6 -0.175 +0.045 +0.005 +0.000 -0.005 -0.010 -0.035 -0.045
 7 -0.155 +0.035 +0.030 +0.005 -0.010 -0.035 -0.045 -0.045
 8 -0.165 +0.035 +0.035 +0.030 -0.005 -0.040 -0.045 -0.050
 9 -0.200 +0.010 +0.005 -0.035 -0.050 -0.070 -0.115 -0.115
 